1975.73,119.06,99.25,126.75,100.5,64.25,141.67,95.5,107.6,128.29,105.62,88.25,130.53,121.33,101.9,80.1,115.23,101.25,104,108.67,109.75,124.55,97,136.5,124.82,107.83,119.25,72,134.62,117.5,98.25,124,114.75,78.75,109,96.8,133,83.38,33.5,151.25,130.88,101.5,96.86,106.5,42.5,126.5,159,106.3,58.8,128.38,107.75,120,128.5,29,91.5,75.25,114.75,111,106.5,115,116.75,114.75,93.25,74.83,42,36,107.5,127.92,125.67,122.83,46,45,104.5,109,72.5,110.5,95.75,94.5,143,91.25,40.33,132.25,117.5,152.5,106,38.5,84.83,52.5,35.5,97,94.5,101.5,83.25,132.83,71.5,105,104,75.5
119.06,935.7,169.28,259.06,134.33,53.28,345.89,309.22,110.6,164.98,130.5,143.97,310.64,300,422.33,70.16,138.6,148.14,118.56,234.89,146.17,215.69,110.5,224.89,146.69,123.15,596.04,67.22,135.86,224.22,155.39,559.85,153.39,85.06,129.22,117.96,227.11,82.72,33.11,308.22,141.39,98.17,140.92,130.72,47,127.72,229.32,173.47,62.78,144.75,132.94,644.5,250.22,37,94.67,119.56,475,269.89,231.78,452.89,127.44,107.5,132.56,74.7,41.44,37,787.11,202.15,237.15,706.74,40.78,39.78,282.44,171.94,79.89,151.44,125.5,79.33,444.56,173.17,38.7,184.89,211.67,140.93,144.28,38.33,117.33,49.56,32.22,84.56,105.44,139.78,54.89,779.19,55,125.89,110.11,60.28
99.25,169.28,1063.15,174.75,157,55.75,233.17,126.38,66.8,123.39,68.25,114.75,275.13,185.5,138.7,77.6,105,100.75,64.5,211.33,70.25,113.91,60.5,143.5,122.32,90,188.67,83,71.38,144.5,100.25,183.17,129.42,45.75,70.5,76.4,138.25,80.5,30.5,172.5,93.38,70.75,94.14,62.75,36,79.75,146.19,108.4,51.5,70.62,82.25,182.25,168.75,40,56.5,139,181.25,140.5,195,142.08,75.25,49.5,81.75,74.33,39.8,43,145,146.67,197,156.83,36,41.5,99,97.75,86.5,143.75,78.75,84,170,98,34.67,142.75,148,99.67,75.25,31.5,53,58,28.5,74,110,72,66.5,168.33,62,52,74.5,64.5
126.75,259.06,174.75,1426.13,145.88,70.5,335.08,164.38,87.95,164.87,90.81,147.12,355.22,579.75,233.35,94,123.18,170.19,83.75,369.58,113.88,210.68,87.88,251.25,153.73,82.08,431.42,99.75,114.12,413.25,310,318.67,130.54,99,100.83,108.65,295.5,91,32.12,330.06,180.94,80.38,149.39,143.25,39.25,145.12,244.75,127.4,59.35,103.75,121.62,315.25,294.25,31,73.75,185.25,291.75,399,421.75,230.79,83.25,76,124.75,86,40.9,36.75,241.12,213.58,476.83,315.33,39.75,38.75,164,148.5,101.75,124,82.12,106,296.5,125.62,38,211.25,691,125.5,99.5,38.75,70.33,56,31.5,183.25,130,102.5,71.12,313.92,51.5,118,93.75,92.75
100.5,134.33,157,145.88,2649.34,69.5,151.67,106.25,82.3,237.76,96.38,169.31,164.6,141.17,118.9,113.8,80.77,94,73,127.83,57.25,128.5,56.75,239.5,252.27,71,168.08,64.5,87.38,174.5,106.25,123.5,102.92,46,81.83,46.5,151.25,65.5,35.25,144.38,86.75,53.25,67.86,106,38,84.25,129.19,66.3,49.6,100.25,99.5,159.5,162.75,28,54,75,145,88,129.5,150,87.5,61,76.5,112.67,38.5,44.5,98.5,122,154.17,138.67,37.5,38,112.5,93,149,267.25,76.25,91,161.5,81,38.33,239.25,127,93.17,63,35.5,73,48.5,27,80.5,78,75,80,131.67,54,50,87,132.25
64.25,53.28,55.75,70.5,69.5,1138.84,75.83,63.75,46.1,77.42,52.12,59.25,69.7,77,59.8,249.6,62.32,56.88,60.5,80.17,64,75.14,63.75,76.5,67.09,68.5,65.42,46.5,56.88,88.5,53.25,72.83,61.25,73.25,49.5,54.8,73.5,52.12,34.75,66.62,43.88,44,44.07,47.75,49.5,58.75,67.44,61.5,45,67.25,61.75,53,62.75,32.5,47,54.25,68.75,62,76.5,56.33,57.75,57,61.5,58.83,41.4,37,68,84.33,68.33,53.67,38,44.5,76.5,71.5,64,53.5,62.5,80.5,70,52.5,38.67,90.5,67,76.33,66.75,37.5,56.5,83,29,50,68,59.5,53,61.67,74,75,49.5,169.75
141.67,345.89,233.17,335.08,151.67,75.83,1305.93,233.25,93.8,219.44,126.5,155.92,361.64,355.89,283.07,93.47,142.42,173.75,169.33,279.89,159.33,242.79,146,262.67,165.27,116.33,356.39,64.67,137.58,265,174.92,398.44,190.39,107.33,141.67,131.6,252.17,96.42,31.83,411.42,180.25,126.5,160.14,170.5,35.33,116.67,263,182.2,66,153.67,171.17,376.67,351,32.67,78,179.33,383.5,309.67,278.67,234.22,120.17,114.33,138.17,81.22,38.73,36,339.5,236.61,309.56,378.33,40,37,248,191.5,66.67,159.67,109.5,74,413,182,36.44,192.83,230.67,157.56,138.17,33,112.11,62.67,39.33,105.33,162,108.33,76,382.56,66.33,144,93,74.5
95.5,309.22,126.38,164.38,106.25,63.75,233.25,1171.46,61.45,120.43,68,96.47,194.08,170.92,542.7,78.4,80.57,102.88,81.75,141.08,108.25,153.48,85.88,172.75,109.3,80.33,375.25,67.75,90.5,148.25,123.06,382.5,131.54,70.38,134.75,80.4,162,90.19,36.75,180.94,82.62,64,88.04,97.62,46.5,116.38,160.41,94.1,58.9,109.69,89.5,348.88,171.5,33.5,68.5,116.25,338.62,164.75,173,252.04,74.38,61.88,76.38,99.42,43.55,47,289,140.08,147.75,334.58,44,42,344.75,93.5,102,106.25,70.25,73.5,312,118.12,40.25,158.12,115.75,112.08,81.5,37.25,67.92,69.25,36.75,81,100.75,75,62.12,332.08,39.5,72.75,64.25,80.62
107.6,110.6,66.8,87.95,82.3,46.1,93.8,61.45,1100.9,109.14,505.8,70.6,95.72,81.47,68.8,66.88,344.71,91.3,386.4,91.4,303,116.8,103.1,134.6,113,328.13,111.9,59.8,149.3,110.8,66.5,98.67,106.77,344.7,102.33,306.28,98.8,67.1,33.9,114.55,77.9,333.8,174.91,109.7,45.6,66.2,134.05,318.72,74.56,243.15,324,107.9,107.5,38,276,58.7,110.3,89,71.6,100.53,790.8,350.4,97.8,60.53,44.12,39.4,132.2,100.87,92.2,88.4,44.4,47,78,366.8,50.2,107.8,357,79.6,124.6,359.4,40.73,129.1,85.8,84.73,335.8,43.8,348,52,34.4,87.4,97.8,106.6,52.1,100.67,92,329,501.8,47.6
128.29,164.98,123.39,164.87,237.76,77.42,219.44,120.43,109.14,424.83,127.78,212.67,191.71,166.6,135.15,88.88,142.22,132.62,112.47,187.89,120.68,187.85,123.92,433.42,352.64,120.04,175.83,70.89,119.14,174.58,93.75,156.89,141.23,85.79,109.32,124.92,165.45,99.62,34,183.96,123.46,109.95,102.88,138.61,41.37,121.08,207.6,133.29,71.52,143.88,118.82,174.24,191.42,33.42,96.74,129.05,150.87,167.16,143.11,155.03,126.61,100.34,87.24,109.98,41.67,41.16,155.45,191.24,159.96,161.74,42.74,42.16,131.47,148.42,90.84,306.76,124.79,86.89,174,154.34,37.86,441.5,157.21,112.02,125.16,35.79,103.14,56.58,31.16,102.74,118.42,109.42,99.97,160.61,70.32,121.42,104.63,80.61
105.62,130.5,68.25,90.81,96.38,52.12,126.5,68,505.8,127.78,1668.59,67.62,124.03,95.5,74.4,65.75,402.91,84.06,602.25,84.58,350.88,140.17,110.88,129.75,130.73,407,146.04,59.75,153.56,102.25,65,107.58,109.42,465.5,113.92,381.35,126.88,66.75,35.62,154.56,80.25,501,201.43,142.62,42.75,61,154.81,369.7,85.05,305.19,413.38,119.38,111.75,38.5,402.75,54.25,135.62,107.25,83,105.33,604.38,547.75,118.5,60,41.15,38,170.88,118.08,105.83,104.25,44.25,42.25,87,467,47.5,108.75,432.38,84,127.25,443.75,39.67,129.62,74,90.67,429.25,35,447.08,40.75,31.5,70.5,74.25,133.5,54.75,129.25,101.5,348.5,800.25,45.5
88.25,143.97,114.75,147.12,169.31,59.25,155.92,96.47,70.6,212.67,67.62,636.32,126.46,150.5,105.58,77.47,87.99,115.25,56.75,164.88,63.75,121.44,60.88,315.75,219.38,60.04,147.25,48.88,69.66,155.12,97.72,153.92,113.4,62.69,62.96,61.5,83.06,69.66,34.19,129.25,84.94,65.69,90.93,73.38,45,74.5,124.11,74.88,48.95,83.47,66.31,150.06,156.69,34.62,63.25,104.75,164.12,139,144.12,141.65,72.62,54.31,95.81,366.33,42.55,39.25,146,116.88,146.96,144.96,46.5,44.62,92.12,84.44,79.5,249.56,64.44,134.62,148.75,73.88,42.12,266.75,128.25,84.88,85.31,37.5,53.5,64.75,34,79.75,76.5,81.88,180.94,142.75,52.12,61.75,68,97.69
130.53,310.64,275.13,355.22,164.6,69.7,361.64,194.08,95.72,191.71,124.03,126.46,462.18,364.78,244.68,88.97,168.86,180.53,115.67,285.58,165.57,217.06,119.4,235.07,177.72,135.07,308.28,68.87,158.1,274.13,177.83,339.6,157.78,78.7,140.8,145.93,288.63,99.42,35.23,347.25,161.38,115.63,143.89,158.17,40.87,126.37,241.77,174.53,69.41,164.13,160.97,300.5,316,35.13,94.53,167.67,302.9,326.87,337.2,216.8,107.93,97.9,125.9,84.31,43.27,42.8,287.4,215.99,336.6,303.89,41.2,43.47,186.33,182.6,86.53,152.23,131.47,81.2,318.53,185.63,39.49,213.67,290.4,135.84,169.77,36.73,108.24,53.27,33.6,95.67,146.8,113.27,71.77,354.84,71.13,138.2,109.67,77.47
121.33,300,185.5,579.75,141.17,77,355.89,170.92,81.47,166.6,95.5,150.5,364.78,1190.49,243.4,93.87,118.55,199.33,97.33,395.33,122.83,228.02,92.67,212,163.61,102,437.22,91.67,123.58,443,318.75,348.67,136.67,94.33,107.56,129,276.17,73.42,35.17,279.33,143.67,75.83,149.71,161.67,38.33,116.83,215.21,139,50,114.58,123,304.33,329.33,30,83.67,178,293.5,439,491,245.78,81.83,79.17,162.67,106.33,40.87,42.33,255.17,209.72,515.67,334.78,38,36.33,177,157.5,102.67,142.17,86.67,106.67,324,153.83,35.22,210.33,441.67,139,143.67,35.67,77.89,69.33,33,150.67,128.33,91,71.17,359.44,59.33,135.33,98.33,115.83
101.9,422.33,138.7,233.35,118.9,59.8,283.07,542.7,68.8,135.15,74.4,105.58,244.68,243.4,1684.17,91.04,108.18,139.1,85.2,226,98,203.02,94.6,225.6,123.24,84.6,432.67,74.4,108.5,207.2,157,475.33,172.03,57,122.67,91.76,248.6,90.55,40.4,237,90.55,73,95.63,102.6,50.4,130.1,220.57,114.64,78.48,111.8,118.1,420.2,206.7,43.6,68.2,120.5,407.5,212.4,232.6,315.83,74,61.9,70.9,62.67,49.32,39.2,399.2,185.7,207.8,436.73,67.8,51.4,299.6,109.5,94,130,88.7,82.6,369.4,134.1,43.73,133.4,206.2,114.27,86.9,48.8,75.4,69.2,41.4,79.4,178.2,88,62,446.4,45.6,76.4,61.8,80.8
80.1,70.16,77.6,94,113.8,249.6,93.47,78.4,66.88,88.88,65.75,77.47,88.97,93.87,91.04,855.05,86.84,84.1,64.6,94.4,73.8,83.62,47.3,81.4,80.31,68,100.17,63.8,86.3,104.8,80.85,101.8,66.3,66.7,54.87,50,93,54.7,32.2,72.4,49.35,62.4,52.77,85.4,37,68.8,68.12,58.52,44.04,70.8,67.7,77.3,88.3,29.4,67.8,67.5,77.5,65,94.2,73.57,69,55.5,76.4,66.53,39.2,34.6,64.4,84.23,82.33,91.47,39.4,41.8,80.4,106.2,102.4,77.6,63.8,72.4,103.6,79.5,37,119.6,72,76.13,70,32,64.47,84,32.4,90.4,63.8,65.2,75.9,86.53,54.8,70.8,62.8,392.6
115.23,138.6,105,123.18,80.77,62.32,142.42,80.57,344.71,142.22,402.91,87.99,168.86,118.55,108.18,86.84,827,116.16,364.09,130.3,420.64,165.36,166.64,135.18,129.75,388,156.32,60.73,265.89,165.91,67.41,118.73,122.53,383.64,151.79,506.16,124.86,73.5,33.77,165.59,109.43,386.14,237.94,186.18,36.64,96.68,184.31,731.82,108.75,297.91,466.95,132.95,157.18,35.09,299.82,91.86,137.23,140.91,104.18,112.21,331.73,422.32,146.86,64.85,41.62,35.55,151.82,142,148.58,127.7,38,41.18,110.64,854.64,56.82,86.59,390.86,78.45,144.18,542.95,37.76,172.77,106.18,102.18,632.5,33.73,371.7,41.55,30.45,93.27,82.55,143.73,61.45,117.61,96.36,460.27,386.27,100.32
101.25,148.14,100.75,170.19,94,56.88,173.75,102.88,91.3,132.62,84.06,115.25,180.53,199.33,139.1,84.1,116.16,1023.01,93.5,211.25,119.25,155.3,93.38,161.75,129.39,86.83,177.71,68.75,101.38,198.25,115,161.17,118.5,126.75,92.42,116.05,152.38,98.88,35.12,146.38,121.5,83.38,112.89,110.25,38.75,99.62,159.72,113.2,54.75,136.88,112,165.62,226.75,35.25,71.5,142.5,170.75,156.75,187.75,148.83,84,88.38,106.38,71.25,45.05,37.75,150.38,156,205.67,157.33,42.5,44.5,96,109.75,62.25,144,111.62,74.75,147.75,136.5,40.58,181.62,155.25,98.83,106.12,35.25,96.83,55.75,34,103.5,89,91.75,72.38,158.25,80.5,77,93,68
104,118.56,64.5,83.75,73,60.5,169.33,81.75,386.4,112.47,602.25,56.75,115.67,97.33,85.2,64.6,364.09,93.5,4837.36,71.33,348.5,123.23,140.5,107,111.36,371.67,129.83,59,143.5,154,66,116.67,108.67,380,86.67,413.4,120.5,61.5,36.5,138,72.5,428.5,213.43,133,40,89,139.88,386,77.8,268.25,352.5,104,129,36,362,43,120,88,72,102.83,375,414.5,124,49.33,40.2,36,146.5,89.83,106.33,144.33,42,36,93,472,63,79,385,87,116,442.5,40.33,97,81,84,393,40,448.67,46,36,54,69,131,55.5,116,86,308,579,43.5
108.67,234.89,211.33,369.58,127.83,80.17,279.89,141.08,91.4,187.89,84.58,164.88,285.58,395.33,226,94.4,130.3,211.25,71.33,2058.85,153,203.89,86.83,251.33,175.09,137.33,291.72,69,137.75,345.33,202.5,311.11,188.28,91.5,106.33,141.53,207.83,64.08,33.5,244.67,190.17,63.33,150.48,149,42.67,127.67,239.54,136.73,53.53,117.58,143.83,260.67,332.5,33.33,60.33,153.83,271.17,325.67,439,239.78,93.33,92.67,185.5,99,42.67,43,246.83,207.06,357.33,283.44,45,41.33,139.33,168.33,95.67,144,126,87.33,238.67,151.33,39.44,213.5,367.33,121.44,97.17,37.33,77.56,61,37.67,151.33,97.67,89,105.17,277.33,87.33,111.33,79.33,91.67
109.75,146.17,70.25,113.88,57.25,64,159.33,108.25,303,120.68,350.88,63.75,165.57,122.83,98,73.8,420.64,119.25,348.5,153,1667.19,142.11,95.5,125,114.14,491.5,169.08,56,157.25,173.5,81,124.83,125.83,346.75,165.17,473.2,118.75,66,36.75,130.5,85.62,349.75,199.36,136.5,35,70,142.5,409.6,63.6,350.62,512.75,139.5,181.75,32,285,130,142.75,141.5,146.5,110.92,300,362,131.5,65,41.4,33.5,135.5,126,147.67,127.17,45,48,124,487.5,43.5,62.75,379.5,65,144,480,40.5,137.25,114.5,99,396,40.5,393.5,37,30.5,100.5,66,113,60.75,119.5,90,470,351.5,51.75
124.55,215.69,113.91,210.68,128.5,75.14,242.79,153.48,116.8,187.85,140.17,121.44,217.06,228.02,203.02,83.62,165.36,155.3,123.23,203.89,142.11,440.65,136.18,208,164.49,142.61,207.89,68.55,181.5,225.05,124.69,221.02,274.05,110.91,114.74,142.73,229.43,109.68,35.27,250.08,182.67,108.05,156.51,173.82,45,144.61,263.54,177.6,90.24,162.98,155.14,214.77,234.77,36.14,94.77,110.07,212.43,216.32,204.82,174.44,131.43,126.41,110.66,76.55,43.39,40.23,210.95,292.57,207.77,219.55,55.45,51.05,158.41,183.75,76.68,143.98,136.98,89.41,206.36,176.75,39.64,191.45,202.23,181.8,150.32,40.73,117.53,52.09,34.45,132.14,142.91,111.73,74.57,228.53,107.18,129.82,124.36,103.52
97,110.5,60.5,87.88,56.75,63.75,146,85.88,103.1,123.92,110.88,60.88,119.4,92.67,94.6,47.3,166.64,93.38,140.5,86.83,95.5,136.18,1239.96,140.5,109.73,106.33,99.92,50,171.88,100.5,60.38,89.5,101.75,123.5,169.67,151.4,103.5,81.88,43.5,128.75,121.62,143.5,154.21,169.75,41.5,92.25,129,135,86.8,120.75,106.75,96.5,125.75,33,135,76.5,88,116.5,99.5,105.75,108,126.5,97.5,53.5,42.2,47.5,111,145.75,80.17,104.17,40,39,99.5,146.5,60.5,74.75,140.75,60,123.5,158.5,40.5,88,87,91,162.5,36.5,100.33,48,31,58,78.5,124,56,101.5,131.5,126.5,108.5,60.5
136.5,224.89,143.5,251.25,239.5,76.5,262.67,172.75,134.6,433.42,129.75,315.75,235.07,212,225.6,81.4,135.18,161.75,107,251.33,125,208,140.5,4131.55,357.73,96.67,222,58,109,181,128,228.67,188.5,79.5,120.33,128.2,166.5,99.25,33.5,203.75,99.75,93,128.43,159.5,39,139.5,235.38,153.8,69.4,142.5,125.5,256.5,241,38,97,100,203.5,256,178,192,136,99.5,79.5,222,48,44,186.5,219.17,219.67,233.67,44,42,154,168.5,113,365,93,92,232,161.5,47.33,484.5,234,119.33,141.5,39,82.67,73,33,76,135,135,110.5,223,72,96,98,88.5
124.82,146.69,122.32,153.73,252.27,67.09,165.27,109.3,113,352.64,130.73,219.38,177.72,163.61,123.24,80.31,129.75,129.39,111.36,175.09,114.14,164.49,109.73,357.73,558.42,109.97,174.88,69,108.86,131.91,104.05,153.18,132.17,60.86,112.18,124.44,163.5,91.11,33.68,183.77,112.59,99.5,99.58,106.23,42.27,108.05,173.66,113.58,73.16,126.36,106.82,163.86,163.95,32.55,100,121.5,156.86,173.27,185.09,145.94,120.91,91.09,102.55,139.94,41.2,45.55,146.18,172.48,140.15,147.88,39.91,40.82,120,123.82,95.27,323.36,119.55,100.91,172.27,121.27,37.39,381.59,118.36,121.21,111.86,36.27,96.24,57.91,33.45,97.64,97.64,108.09,90.86,153.79,86.09,100.82,106.18,82
107.83,123.15,90,82.08,71,68.5,116.33,80.33,328.13,120.04,407,60.04,135.07,102,84.6,68,388,86.83,371.67,137.33,491.5,142.61,106.33,96.67,109.97,2486.2,161.11,58.33,184.33,130,64.33,125.33,136.83,363.5,122.44,486.67,113.5,62.58,35.67,125.83,123.67,330.17,210.9,153.5,39.67,69,145.79,432.73,66.4,367.08,519.83,144.33,155.5,31.33,263.67,90,132,133,110.67,100.94,342.17,356.33,115.83,53.11,43.4,39.67,130.5,136.94,118.22,122.89,43.33,40.33,113.67,492,51.67,70.83,461,63.33,152.33,407.17,41.33,104,98.33,95.67,383.5,38,397,40.67,33.67,86,64,102.33,48.83,104,110,523.67,410.67,52.83
119.25,596.04,188.67,431.42,168.08,65.42,356.39,375.25,111.9,175.83,146.04,147.25,308.28,437.22,432.67,100.17,156.32,177.71,129.83,291.72,169.08,207.89,99.92,222,174.88,161.11,1315.46,82,145.92,307.17,343.33,562.17,189,117.33,133.61,161.13,233.25,118.92,36.25,317.67,133.79,124.5,152.83,146.75,38.17,147,259.52,173.83,74.1,151.58,169.5,909.08,278.08,36.83,100.17,146.17,519.08,360.33,358.17,452.83,135,120.67,120.58,104.22,41.13,44.67,594.08,210.94,373.78,659.11,39.67,40.67,314.5,175.25,95.5,165.42,148.83,97.67,444.17,180.5,43.06,186.67,348,150.17,137.25,34.5,134.17,59.33,30.83,132.5,133.83,137.83,70.17,693.83,67,123.5,128.5,91.92
72,67.22,83,99.75,64.5,46.5,64.67,67.75,59.8,70.89,59.75,48.88,68.87,91.67,74.4,63.8,60.73,68.75,59,69,56,68.55,50,58,69,58.33,82,2500.44,67.25,64,80.5,60.33,49.5,57.5,58.67,59,70.5,56.5,34.5,61,51.25,65,58.71,65.5,70,52.5,79.5,55.6,72.4,65,55,76,87,35,57,70,59,56,82,62.17,66.5,59,57,51.67,38.2,39,67.5,70.83,75.67,71,36,38,70,65.5,56,67,56,51,79,58,35.67,63,61,63,69.5,29,46.33,42,35,81,58,61,56.5,67,45,53,61,64.5
134.62,135.86,71.38,114.12,87.38,56.88,137.58,90.5,149.3,119.14,153.56,69.66,158.1,123.58,108.5,86.3,265.89,101.38,143.5,137.75,157.25,181.5,171.88,109,108.86,184.33,145.92,67.25,1094.95,155.75,88.94,104.75,111.96,155,174.92,230.95,124.88,107.44,39,166.75,141.56,140.88,211.18,186.38,42,99.88,159.94,217.25,112.2,185.06,178.25,122.62,160.62,36.25,133.25,91,115.12,151,118.5,122.58,135.75,170,130.5,59.83,39.75,42.75,121.25,163.42,124.33,145.08,40.25,40.5,119.25,232.12,62.25,83.38,179.5,69.25,139.25,226.62,41.25,116.25,97.5,114,203.75,38.25,151,46.5,36,107.5,98.5,115.25,78.88,154.5,105.25,195,162.25,84.5
117.5,224.22,144.5,413.25,174.5,88.5,265,148.25,110.8,174.58,102.25,155.12,274.13,443,207.2,104.8,165.91,198.25,154,345.33,173.5,225.05,100.5,181,131.91,130,307.17,64,155.75,3524.73,214,258,134.67,124,113,155,214,93.25,35,271.25,142.75,92.5,157.71,157,51,110.5,227.12,180.2,44.6,177.75,165,262.5,280.5,37,72,135.5,244,314,304,233.17,111.5,83.5,140.5,123,42.4,38,242.5,215,594.67,248.33,41,43,141,185,86,133.5,127,80,231,166,40.67,188,327,141.33,130,34,87,54,31,100,111,96,71.5,249,62,135,106,101.5
98.25,155.39,100.25,310,106.25,53.25,174.92,123.06,66.5,93.75,65,97.72,177.83,318.75,157,80.85,67.41,115,66,202.5,81,124.69,60.38,128,104.05,64.33,343.33,80.5,88.94,214,685.8,188.5,95.42,68,75.42,75.25,142,89.25,31.88,152.75,88.19,63.62,86.46,94.88,44.25,78.75,115.09,75.15,60.9,74.19,68.38,167.62,179.25,31.25,56.25,137.25,160.5,259,300.5,115.79,69.38,51.62,90.12,74.83,42.35,37.75,125.75,119.08,243.42,193.67,44,39.5,121.75,79.5,80.25,116.88,59.25,81,153.5,87.88,37.67,113.62,254.75,85.42,79,33.75,54.83,46.5,31,95.25,89,64.25,66.75,177.08,44.5,62.5,58.5,70.5
124,559.85,183.17,318.67,123.5,72.83,398.44,382.5,98.67,156.89,107.58,153.92,339.6,348.67,475.33,101.8,118.73,161.17,116.67,311.11,124.83,221.02,89.5,228.67,153.18,125.33,562.17,60.33,104.75,258,188.5,904.69,163.89,75.5,130.78,123.4,248.67,78.75,33.17,323.42,160.25,90.67,140.57,152.67,37.67,130.17,252.42,153.07,57.93,144.83,139,587.67,280.5,33.67,94.33,125.5,708.17,290,337,405.78,112.83,84.5,110.17,106.44,40.4,37.33,596.33,233.72,265.56,638.33,44.33,38.33,266.33,180.33,77,156.17,122,70.33,526.33,160.33,35.22,181,235.67,142,161.83,33.67,103.22,61.33,27.67,80,89.67,129.67,71,657,43.33,115,86,72.67
114.75,153.39,129.42,130.54,102.92,61.25,190.39,131.54,106.77,141.23,109.42,113.4,157.78,136.67,172.03,66.3,122.53,118.5,108.67,188.28,125.83,274.05,101.75,188.5,132.17,136.83,189,49.5,111.96,134.67,95.42,163.89,643.12,79.08,132.06,115.8,165.08,92,35.25,155.21,156.71,85.08,123.29,133.83,38.33,123.83,198.56,137.87,84.57,111.71,121.75,158.17,153.83,34.67,81,110.67,168.5,101.5,130.83,160.69,128.58,98.17,84.83,70.17,41.83,36.5,156.33,192.61,122.33,178.22,39.83,41.33,143.17,155.92,75,144.25,104.58,68.33,146.5,148.33,38.28,154.17,117.5,128.67,116.42,36.5,101.33,50.67,31.33,70.5,124.33,116.67,80.5,173.17,130,107.33,101.17,73.83
78.75,85.06,45.75,99,46,73.25,107.33,70.38,344.7,85.79,465.5,62.69,78.7,94.33,57,66.7,383.64,126.75,380,91.5,346.75,110.91,123.5,79.5,60.86,363.5,117.33,57.5,155,124,68,75.5,79.08,2908.91,84.67,419.8,73.5,57.5,35.75,88.12,71.88,545.75,188.07,167.75,40,58,131.69,415.9,56.7,218.5,410,95,128.25,38,343.5,54.25,76.25,71.5,95.5,75.33,345.75,649.75,110.75,56.5,43.5,36.5,124.5,103.08,100.67,66.67,46.5,40,57.5,437.25,41,79,419,58.5,81,497.75,40.33,99.25,104,60.83,385,37,476.5,44,37.5,71,50.5,70.5,44.25,72.67,113.5,346,442.5,53.5
109,129.22,70.5,100.83,81.83,49.5,141.67,134.75,102.33,109.32,113.92,62.96,140.8,107.56,122.67,54.87,151.79,92.42,86.67,106.33,165.17,114.74,169.67,120.33,112.18,122.44,133.61,58.67,174.92,113,75.42,130.78,132.06,84.67,837.4,155.6,128.67,90.5,31.83,121.92,113.42,121.17,148.57,167.17,37,78.33,108.58,165.2,92.4,139.5,126.67,126.83,112.67,33,121.33,119.83,114.5,110,100.33,116.83,108.5,137.5,102.5,54.89,42.53,40.33,120,132.89,96.56,131.89,43.67,42.67,128.67,152.17,60.33,97.5,159.17,69.67,156.33,145,40.22,118.17,89,109.33,150.17,37.67,118.44,50,33.33,82,85,126,74.17,130,98,129,100.33,55.83
96.8,117.96,76.4,108.65,46.5,54.8,131.6,80.4,306.28,124.92,381.35,61.5,145.93,129,91.76,50,506.16,116.05,413.4,141.53,473.2,142.73,151.4,128.2,124.44,486.67,161.13,59,230.95,155,75.25,123.4,115.8,419.8,155.6,1863.09,97.9,68.2,35.1,149.6,93.3,437.9,219.71,201.7,38.2,86.9,158.28,481.64,86.36,301.85,526.1,143,144.7,34.2,344.2,106.9,112.8,172.4,84.6,94.77,310,453.9,110.9,50.13,42.92,36.6,125.5,132.63,139.67,126.33,40.4,43.8,96.8,502.6,54.4,70.4,438.7,83,151.2,513.1,39.33,143.8,106.2,94.8,435.9,37.6,410.33,39.6,34.4,103.2,67.8,133.8,45.2,118.6,95.4,425.4,375.8,67.4
133,227.11,138.25,295.5,151.25,73.5,252.17,162,98.8,165.45,126.88,83.06,288.63,276.17,248.6,93,124.86,152.38,120.5,207.83,118.75,229.43,103.5,166.5,163.5,113.5,233.25,70.5,124.88,214,142,248.67,165.08,73.5,128.67,97.9,1471.17,116.12,37,258,142.25,108,125,119,42,110.5,186.56,127.1,81.3,156.5,147.25,232.75,246.25,38.5,104.5,155.25,195,215,283,199.33,124.5,108.75,91.25,67.33,42.7,50.5,249.75,202.75,249.5,222.67,42.5,39.5,166,150.5,82.5,117,108.5,86.5,231,150.75,38.83,183,231,128,137.25,33.5,120.33,63.5,30.5,104.5,214.5,123.5,78.75,262.83,88.5,130.5,108.5,74.25
83.38,82.72,80.5,91,65.5,52.12,96.42,90.19,67.1,99.62,66.75,69.66,99.42,73.42,90.55,54.7,73.5,98.88,61.5,64.08,66,109.68,81.88,99.25,91.11,62.58,118.92,56.5,107.44,93.25,89.25,78.75,92,57.5,90.5,68.2,116.12,1190.32,35.25,102.06,81.69,55.88,77.64,68.12,48.75,68.5,141.97,85.3,73.75,79.94,63.5,99.5,85.5,32.25,58.25,108.88,88.5,94,74.5,93.88,89.25,53.62,49.12,61.17,44.05,37,80.5,89.75,78.5,92.83,49.5,53.5,91.5,67.38,62.75,96,84.5,59.75,108.75,67.25,43.67,79,67,76.83,79.88,40.75,75.17,51.25,33.75,75.25,104.25,67,61.75,80.75,68.5,59.25,60,73.62
33.5,33.11,30.5,32.12,35.25,34.75,31.83,36.75,33.9,34,35.62,34.19,35.23,35.17,40.4,32.2,33.77,35.12,36.5,33.5,36.75,35.27,43.5,33.5,33.68,35.67,36.25,34.5,39,35,31.88,33.17,35.25,35.75,31.83,35.1,37,35.25,1300.51,36.38,38.88,36.25,35.07,33.75,36.5,36,35.25,35.4,34.8,36.12,39,51,35.75,28,37,38,38.5,35,37,36.67,38.75,39.25,39.5,36,41.1,32.5,36.75,37.75,34.5,34.83,40,38,33,36.25,31,36,37.25,36.5,34.5,34.25,38.17,34,35.5,37.67,39.25,31.5,37.67,33.5,29,35.5,36,33.5,36.5,36.5,34.5,37,37.5,35
151.25,308.22,172.5,330.06,144.38,66.62,411.42,180.94,114.55,183.96,154.56,129.25,347.25,279.33,237,72.4,165.59,146.38,138,244.67,130.5,250.08,128.75,203.75,183.77,125.83,317.67,61,166.75,271.25,152.75,323.42,155.21,88.12,121.92,149.6,258,102.06,36.38,1012.89,198.81,128,141.86,147.25,45.5,141.38,303.09,163.6,68.55,151.5,175.38,340,322.38,32.25,103.5,189.38,335.5,339,244.75,241.54,133,116.5,115.62,111.08,42.75,33.25,308.38,277.71,313.17,314.83,41.5,46.25,160.25,155.62,91.25,162.12,139.12,68.25,362.75,164.75,39.75,195.5,238.5,163.17,145.5,38.5,130.17,54.75,30,155.75,175.25,121.25,68.5,340.58,82,110.5,119.5,81.5
130.88,141.39,93.38,180.94,86.75,43.88,180.25,82.62,77.9,123.46,80.25,84.94,161.38,143.67,90.55,49.35,109.43,121.5,72.5,190.17,85.62,182.67,121.62,99.75,112.59,123.67,133.79,51.25,141.56,142.75,88.19,160.25,156.71,71.88,113.42,93.3,142.25,81.69,38.88,198.81,1411.9,72.25,168,120,53,102,205.41,132.1,72.45,134,114,121.62,207.38,36.25,57.25,152,131.12,148.5,138.25,132.83,88.62,73.12,129.5,48.83,47.3,39.25,129.5,212.5,169.92,145,51.25,52.25,100.25,121.12,58.25,92.38,82.62,60.75,139.75,112.88,44.17,136.75,136.5,101.75,87,44.5,75.33,46.5,43.75,83.5,83.5,77.5,77.38,159.25,121,90,62.75,63.5
101.5,98.17,70.75,80.38,53.25,44,126.5,64,333.8,109.95,501,65.69,115.63,75.83,73,62.4,386.14,83.38,428.5,63.33,349.75,108.05,143.5,93,99.5,330.17,124.5,65,140.88,92.5,63.62,90.67,85.08,545.75,121.17,437.9,108,55.88,36.25,128,72.25,1572.75,180,148.75,40,67,143.5,425.7,65.7,314.75,425.75,93.25,107,31.5,558.5,67,81.75,106.5,75.5,85.33,341,597.75,84.75,56.33,39.8,42,113.25,123.08,78.17,93.83,39,40.5,75,448.5,55,61,397.5,63,118.5,420.5,38.33,112,94.5,74.17,344.5,33.5,425.67,52.5,34.5,62.5,106.5,112,42.75,114.83,71,369,502,55.75
96.86,140.92,94.14,149.39,67.86,44.07,160.14,88.04,174.91,102.88,201.43,90.93,143.89,149.71,95.63,52.77,237.94,112.89,213.43,150.48,199.36,156.51,154.21,128.43,99.58,210.9,152.83,58.71,211.18,157.71,86.46,140.57,123.29,188.07,148.57,219.71,125,77.64,35.07,141.86,168,180,697.11,166.07,42,68.36,170.66,241.8,97.54,148.32,208.64,135.07,174.14,36.14,143.14,95.43,140.57,155.86,129,116.9,175.36,190.57,158.21,73.62,41.86,41,152.07,169.19,156.62,138,49.71,43.14,102.29,264.43,66,93.43,224.79,54.86,119.86,247.36,40.57,117.14,115.43,92.43,257.36,36.86,171.9,46.86,32.57,67.71,80.86,146.43,66.07,152.57,130.86,222.71,185.86,57.14
106.5,130.72,62.75,143.25,106,47.75,170.5,97.62,109.7,138.61,142.62,73.38,158.17,161.67,102.6,85.4,186.18,110.25,133,149,136.5,173.82,169.75,159.5,106.23,153.5,146.75,65.5,186.38,157,94.88,152.67,133.83,167.75,167.17,201.7,119,68.12,33.75,147.25,120,148.75,166.07,2119.29,48.5,109,159.25,198.6,87.9,178.88,165.25,114.75,159.25,37,164,70,120.25,159,100,108.83,120.5,149.25,116.5,65.17,40.2,38,121.5,165.08,144,149,40.5,47,113.5,210.5,64.5,96.25,198.25,68,171,227.25,38.83,141.5,118.5,123.83,191.75,35,167.83,43.5,29.5,112.5,51.5,103,56,150,121,154,143.5,84.5
42.5,47,36,39.25,38,49.5,35.33,46.5,45.6,41.37,42.75,45,40.87,38.33,50.4,37,36.64,38.75,40,42.67,35,45,41.5,39,42.27,39.67,38.17,70,42,51,44.25,37.67,38.33,40,37,38.2,42,48.75,36.5,45.5,53,40,42,48.5,2001.21,43.5,39.62,41.2,36.4,46,41.5,42,41.5,34,39,42.5,45,46,44,40.83,41,43.5,44,44.67,43.6,37,47,50.5,39.33,39.33,51,40,38,41,37,47,36.5,36,41,44,47.67,39,43,38,36,43,38,46,31,51,37,34,47,39,39,55,38,55
126.5,127.72,79.75,145.12,84.25,58.75,116.67,116.38,66.2,121.08,61,74.5,126.37,116.83,130.1,68.8,96.68,99.62,89,127.67,70,144.61,92.25,139.5,108.05,69,147,52.5,99.88,110.5,78.75,130.17,123.83,58,78.33,86.9,110.5,68.5,36,141.38,102,67,68.36,109,43.5,1874.62,171.25,66.3,52.1,65.75,72,153.5,139.5,36,67,68.5,110.5,118.5,102,128.92,66.25,68.75,77.25,69.17,41,34,122,140.08,129,146.67,51.5,47.5,115.5,72,84,106.75,55.25,79,95,97.25,38.83,150,127.5,104.33,74.25,37,59.33,59,32.5,109.5,79.5,114.5,66,148.67,69,64,63.5,66
159,229.32,146.19,244.75,129.19,67.44,263,160.41,134.05,207.6,154.81,124.11,241.77,215.21,220.57,68.12,184.31,159.72,139.88,239.54,142.5,263.54,129,235.38,173.66,145.79,259.52,79.5,159.94,227.12,115.09,252.42,198.56,131.69,108.58,158.28,186.56,141.97,35.25,303.09,205.41,143.5,170.66,159.25,39.62,171.25,644.59,179.15,72.3,165.97,188.25,268.31,257.94,32,87.88,140.94,223.88,208,222.5,220.06,146.44,133.88,122.25,90.62,42.2,40.62,219.12,257.21,196.29,257.21,44.88,44.5,164.62,202.31,69,152.06,149.56,55.25,252.38,188.38,39.62,228.19,248.75,141.88,169.19,36.12,127.75,72.5,33.12,112.25,139.5,115,73.31,256.79,129.75,140.88,130.12,78.88
106.3,173.47,108.4,127.4,66.3,61.5,182.2,94.1,318.72,133.29,369.7,74.88,174.53,139,114.64,58.52,731.82,113.2,386,136.73,409.6,177.6,135,153.8,113.58,432.73,173.83,55.6,217.25,180.2,75.15,153.07,137.87,415.9,165.2,481.64,127.1,85.3,35.4,163.6,132.1,425.7,241.8,198.6,41.2,66.3,179.15,1133.46,77.08,277.95,439.1,147.3,155.4,32.2,300.4,100.8,140,136.6,101.6,108.57,321.2,413.4,127,63,43.04,34.8,166.3,149.1,139.8,146.87,41.4,41.8,139.8,781.2,41.6,88.5,416.4,78.8,165.2,557.6,39.93,194.2,106.6,104.87,565.3,41.8,368.13,40.2,33.6,68.8,84.4,122.2,53.6,155.33,88,426.8,344.8,63.8
58.8,62.78,51.5,59.35,49.6,45,66,58.9,74.56,71.52,85.05,48.95,69.41,50,78.48,44.04,108.75,54.75,77.8,53.53,63.6,90.24,86.8,69.4,73.16,66.4,74.1,72.4,112.2,44.6,60.9,57.93,84.57,56.7,92.4,86.36,81.3,73.75,34.8,68.55,72.45,65.7,97.54,87.9,36.4,52.1,72.3,77.08,783.73,84.55,60.8,65,55.1,32.2,64.8,60.4,56.9,58.4,58.2,78.17,75.1,69.1,62.6,40.53,39.72,32.4,63.9,76.7,41,76.07,36,42.8,68.4,94.4,47.6,48,64.2,48.6,87.6,72.4,38.33,60.4,56.4,60.07,104.6,32,76.47,42,34.2,50,81.6,77.4,41.6,72.47,75.8,58.4,68.2,42.8
128.38,144.75,70.62,103.75,100.25,67.25,153.67,109.69,243.15,143.88,305.19,83.47,164.13,114.58,111.8,70.8,297.91,136.88,268.25,117.58,350.62,162.98,120.75,142.5,126.36,367.08,151.58,65,185.06,177.75,74.19,144.83,111.71,218.5,139.5,301.85,156.5,79.94,36.12,151.5,134,314.75,148.32,178.88,46,65.75,165.97,277.95,84.55,1640.91,340.62,147.75,142.5,34.25,249.25,78.75,133.12,135.5,104.75,126.62,253.75,280,91.12,63.08,43.9,42.25,156.5,183.71,150,139.42,46,48,123,329,46.5,115.38,314.25,75.25,150,294.62,40.33,146.5,102,106.58,304.88,38.5,261.08,46.5,31.75,95.5,62.25,122.75,58.75,152.92,111.75,397.75,273,63.12
107.75,132.94,82.25,121.62,99.5,61.75,171.17,89.5,324,118.82,413.38,66.31,160.97,123,118.1,67.7,466.95,112,352.5,143.83,512.75,155.14,106.75,125.5,106.82,519.83,169.5,55,178.25,165,68.38,139,121.75,410,126.67,526.1,147.25,63.5,39,175.38,114,425.75,208.64,165.25,41.5,72,188.25,439.1,60.8,340.62,2148.38,152.25,175.5,32.5,293.5,102.75,135.25,152.5,145,103.42,360.75,486.75,124.75,56.83,44.4,41,134.75,139.25,140.83,156.83,37.5,42.5,106,534,57.5,94,469.25,84.5,153.5,547.5,41.17,135,121.5,98.83,429.75,40.5,449.83,47,48.5,79,70,125.5,46.75,129.67,68.5,489,398.5,55.25
120,644.5,182.25,315.25,159.5,53,376.67,348.88,107.9,174.24,119.38,150.06,300.5,304.33,420.2,77.3,132.95,165.62,104,260.67,139.5,214.77,96.5,256.5,163.86,144.33,909.08,76,122.62,262.5,167.62,587.67,158.17,95,126.83,143,232.75,99.5,51,340,121.62,93.25,135.07,114.75,42,153.5,268.31,147.3,65,147.75,152.25,1633.51,282,30,75.5,144.5,567,300,302,446.92,116,100.5,132.75,79,41.4,46.5,649.5,227.67,284,736,43.5,42,315.5,152.5,80.5,147,130,86,474,151.75,36.33,198,286,165.83,140.5,32.5,102.5,56,32,108.5,121.5,134.5,69.75,746.67,45.5,136.5,106.5,58
128.5,250.22,168.75,294.25,162.75,62.75,351,171.5,107.5,191.42,111.75,156.69,316,329.33,206.7,88.3,157.18,226.75,129,332.5,181.75,234.77,125.75,241,163.95,155.5,278.08,87,160.62,280.5,179.25,280.5,153.83,128.25,112.67,144.7,246.25,85.5,35.75,322.38,207.38,107,174.14,159.25,41.5,139.5,257.94,155.4,55.1,142.5,175.5,282,1347.3,38,93,213,288.25,353,339,205.58,111,106.25,148.5,98.83,42.2,47.5,226.25,214.42,330.17,303.17,38.5,37.5,190.5,186.5,84,176.5,137,85.5,255.5,186.25,39.33,218,256,147.67,156,36,108.33,63.5,33.5,129,182,104,80.5,258.17,76,113.5,96,69.5
29,37,40,31,28,32.5,32.67,33.5,38,33.42,38.5,34.62,35.13,30,43.6,29.4,35.09,35.25,36,33.33,32,36.14,33,38,32.55,31.33,36.83,35,36.25,37,31.25,33.67,34.67,38,33,34.2,38.5,32.25,28,32.25,36.25,31.5,36.14,37,34,36,32,32.2,32.2,34.25,32.5,30,38,4183.2,37,36,31.5,38,30,34.83,39,35,35.5,34.67,39,30,34.5,35.67,32.67,29,42,35,36,40.5,27,39.5,34.5,36,35,34.5,41.33,34,32,37.33,35,33,34,31,30,34,30,31,32.5,32,30,43,33,39.5
91.5,94.67,56.5,73.75,54,47,78,68.5,276,96.74,402.75,63.25,94.53,83.67,68.2,67.8,299.82,71.5,362,60.33,285,94.77,135,97,100,263.67,100.17,57,133.25,72,56.25,94.33,81,343.5,121.33,344.2,104.5,58.25,37,103.5,57.25,558.5,143.14,164,39,67,87.88,300.4,64.8,249.25,293.5,75.5,93,37,2732.84,75.5,75,80,66,91.5,267.5,437.5,68,48,43.2,36,100.5,89.17,65.67,87.67,39,40,81,378.5,44,69,332,75,108,338,41.67,89,79,67,253.5,40,335.33,47,33,67,48,109,47.5,92,93,286,401,50
75.25,119.56,139,185.25,75,54.25,179.33,116.25,58.7,129.05,54.25,104.75,167.67,178,120.5,67.5,91.86,142.5,43,153.83,130,110.07,76.5,100,121.5,90,146.17,70,91,135.5,137.25,125.5,110.67,54.25,119.83,106.9,155.25,108.88,38,189.38,152,67,95.43,70,42.5,68.5,140.94,100.8,60.4,78.75,102.75,144.5,213,36,75.5,1637.08,104.25,128.5,235.5,108,53.25,44.25,64.75,69,43.5,45,115.75,135.67,193.67,193.83,53,45.5,119.5,91,71.5,55.5,82,62.5,181.5,88.25,41.83,111.25,146,74,59,40,45.17,53,34,101,193.5,79,109.5,183.33,96.5,52.5,79.5,76.25
114.75,475,181.25,291.75,145,68.75,383.5,338.62,110.3,150.87,135.62,164.12,302.9,293.5,407.5,77.5,137.23,170.75,120,271.17,142.75,212.43,88,203.5,156.86,132,519.08,59,115.12,244,160.5,708.17,168.5,76.25,114.5,112.8,195,88.5,38.5,335.5,131.12,81.75,140.57,120.25,45,110.5,223.88,140,56.9,133.12,135.25,567,288.25,31.5,75,104.25,2522.59,256.5,262,348.33,114,94.5,121.75,77.5,43,34,524.75,208.42,273,503,45.5,46.5,249.5,162.5,80,168.25,102.75,94.5,436,140.5,37.83,191.25,191.5,154.5,133.75,37.5,115.67,51,45.5,101.5,146,132.5,69.5,506.33,40.5,140.5,108.5,73.25
111,269.89,140.5,399,88,62,309.67,164.75,89,167.16,107.25,139,326.87,439,212.4,65,140.91,156.75,88,325.67,141.5,216.32,116.5,256,173.27,133,360.33,56,151,314,259,290,101.5,71.5,110,172.4,215,94,35,339,148.5,106.5,155.86,159,46,118.5,208,136.6,58.4,135.5,152.5,300,353,38,80,128.5,256.5,1566.54,331,212.67,86,131.5,153.5,124,41.4,35,236,228.17,384,307,43,40,165,128.5,83,153.5,107.5,60,313,167,37.67,197,349,140.67,114,41,105,91,40,125,135,78,58,350,71,121,103,73.5
106.5,231.78,195,421.75,129.5,76.5,278.67,173,71.6,143.11,83,144.12,337.2,491,232.6,94.2,104.18,187.75,72,439,146.5,204.82,99.5,178,185.09,110.67,358.17,82,118.5,304,300.5,337,130.83,95.5,100.33,84.6,283,74.5,37,244.75,138.25,75.5,129,100,44,102,222.5,101.6,58.2,104.75,145,302,339,30,66,235.5,262,331,3206.25,200.17,77.5,72,120.5,99,40.8,48,218,232.33,384,270,37,48,152,117.5,109,157,82.5,103,279,104.5,42,199,400,119.67,102.5,40,75.67,66,44,130,143,109,72.5,267.33,77,93,79,67
115,452.89,142.08,230.79,150,56.33,234.22,252.04,100.53,155.03,105.33,141.65,216.8,245.78,315.83,73.57,112.21,148.83,102.83,239.78,110.92,174.44,105.75,192,145.94,100.94,452.83,62.17,122.58,233.17,115.79,405.78,160.69,75.33,116.83,94.77,199.33,93.88,36.67,241.54,132.83,85.33,116.9,108.83,40.83,128.92,220.06,108.57,78.17,126.62,103.42,446.92,205.58,34.83,91.5,108,348.33,212.67,200.17,1029.61,120.67,102.25,118.83,82.22,42.5,36.67,459,178.42,250.83,444.5,40.33,46.33,207.83,100.33,75.17,140.42,109.5,69.83,378.67,127.08,38.06,172,230.83,122.33,120.83,39.67,101.33,62.33,32.33,101.67,103.33,116.67,70.25,496.22,65.5,95.83,97.17,65.75
116.75,127.44,75.25,83.25,87.5,57.75,120.17,74.38,790.8,126.61,604.38,72.62,107.93,81.83,74,69,331.73,84,375,93.33,300,131.43,108,136,120.91,342.17,135,66.5,135.75,111.5,69.38,112.83,128.58,345.75,108.5,310,124.5,89.25,38.75,133,88.62,341,175.36,120.5,41,66.25,146.44,321.2,75.1,253.75,360.75,116,111,39,267.5,53.25,114,86,77.5,120.67,2112.59,355,103.5,62.33,42.5,34.5,163.25,108.5,120,100.83,45,44,91,355.25,48,119.25,391,81,134.5,363.5,41.83,135.5,85,98.67,358.25,44.5,376.5,41.5,31,73,76,123,54.5,123.33,105,331,567.5,47.5
114.75,107.5,49.5,76,61,57,114.33,61.88,350.4,100.34,547.75,54.31,97.9,79.17,61.9,55.5,422.32,88.38,414.5,92.67,362,126.41,126.5,99.5,91.09,356.33,120.67,59,170,83.5,51.62,84.5,98.17,649.75,137.5,453.9,108.75,53.62,39.25,116.5,73.12,597.75,190.57,149.25,43.5,68.75,133.88,413.4,69.1,280,486.75,100.5,106.25,35,437.5,44.25,94.5,131.5,72,102.25,355,3226.8,100.75,51.5,45.6,37,120,112.67,91.5,93.83,44,41.5,81,486.75,47.5,66.25,471.75,65.5,127,494.25,39.33,105.75,86.5,83.67,381,35,518.83,48.5,32.5,64,71,131.5,47.25,116.67,110,354.5,518.5,51
93.25,132.56,81.75,124.75,76.5,61.5,138.17,76.38,97.8,87.24,118.5,95.81,125.9,162.67,70.9,76.4,146.86,106.38,124,185.5,131.5,110.66,97.5,79.5,102.55,115.83,120.58,57,130.5,140.5,90.12,110.17,84.83,110.75,102.5,110.9,91.25,49.12,39.5,115.62,129.5,84.75,158.21,116.5,44,77.25,122.25,127,62.6,91.12,124.75,132.75,148.5,35.5,68,64.75,121.75,153.5,120.5,118.83,103.5,100.75,944.99,70.5,43.3,39.5,128.25,101.08,138.5,137.17,44,52,70,142.25,71,94.75,104,82,99.5,125.25,44.83,99.75,133,81.83,156.75,44,85.67,44.5,38,115,44.5,121,66.5,116.33,103.5,131,111,75.5
74.83,74.7,74.33,86,112.67,58.83,81.22,99.42,60.53,109.98,60,366.33,84.31,106.33,62.67,66.53,64.85,71.25,49.33,99,65,76.55,53.5,222,139.94,53.11,104.22,51.67,59.83,123,74.83,106.44,70.17,56.5,54.89,50.13,67.33,61.17,36,111.08,48.83,56.33,73.62,65.17,44.67,69.17,90.62,63,40.53,63.08,56.83,79,98.83,34.67,48,69,77.5,124,99,82.22,62.33,51.5,70.5,1679.12,42.33,43,80.17,78.72,100.56,81,41,39.33,72.67,55.83,89,113.17,45.17,94,80.33,52.67,45.44,159,98,69.22,68.67,41,41.33,56.33,31,74,70,69,214.17,85.89,69.67,53,59,104.83
42,41.44,39.8,40.9,38.5,41.4,38.73,43.55,44.12,41.67,41.15,42.55,43.27,40.87,49.32,39.2,41.62,45.05,40.2,42.67,41.4,43.39,42.2,48,41.2,43.4,41.13,38.2,39.75,42.4,42.35,40.4,41.83,43.5,42.53,42.92,42.7,44.05,41.1,42.75,47.3,39.8,41.86,40.2,43.6,41,42.2,43.04,39.72,43.9,44.4,41.4,42.2,39,43.2,43.5,43,41.4,40.8,42.5,42.5,45.6,43.3,42.33,659,38.6,44.7,45.33,44.27,41.27,49.2,49.2,38.2,44.8,42.6,42.3,44.9,41.4,43.6,44.9,45.13,40.5,43.2,44.4,40.3,45,41.87,44,42.8,41.2,44.6,36.8,41.2,39.73,39.2,43.6,40.2,44.1
36,37,43,36.75,44.5,37,36,47,39.4,41.16,38,39.25,42.8,42.33,39.2,34.6,35.55,37.75,36,43,33.5,40.23,47.5,44,45.55,39.67,44.67,39,42.75,38,37.75,37.33,36.5,36.5,40.33,36.6,50.5,37,32.5,33.25,39.25,42,41,38,37,34,40.62,34.8,32.4,42.25,41,46.5,47.5,30,36,45,34,35,48,36.67,34.5,37,39.5,43,38.6,5732.53,37.5,39.67,37.67,34,44,40,50,39,42,29.5,38.5,51,33,50,47,43.5,34,43.33,35.5,45,34,44,34,42,52,37,49.5,34.33,37,34,43,36
107.5,787.11,145,241.12,98.5,68,339.5,289,132.2,155.45,170.88,146,287.4,255.17,399.2,64.4,151.82,150.38,146.5,246.83,135.5,210.95,111,186.5,146.18,130.5,594.08,67.5,121.25,242.5,125.75,596.33,156.33,124.5,120,125.5,249.75,80.5,36.75,308.38,129.5,113.25,152.07,121.5,47,122,219.12,166.3,63.9,156.5,134.75,649.5,226.25,34.5,100.5,115.75,524.75,236,218,459,163.25,120,128.25,80.17,44.7,37.5,3347.04,202.33,234,666.17,43,49.5,263,170.75,92,142.5,152.5,71.5,389.5,171.25,43,189.5,211,125.67,150.75,42,138.67,56.5,37.5,88.5,90.5,123,58.25,794.33,72,155,147.5,49.25
127.92,202.15,146.67,213.58,122,84.33,236.61,140.08,100.87,191.24,118.08,116.88,215.99,209.72,185.7,84.23,142,156,89.83,207.06,126,292.57,145.75,219.17,172.48,136.94,210.94,70.83,163.42,215,119.08,233.72,192.61,103.08,132.89,132.63,202.75,89.75,37.75,277.71,212.5,123.08,169.19,165.08,50.5,140.08,257.21,149.1,76.7,183.71,139.25,227.67,214.42,35.67,89.17,135.67,208.42,228.17,232.33,178.42,108.5,112.67,101.08,78.72,45.33,39.67,202.33,840.91,205.56,204.39,48.17,49.17,144.5,147.08,74.83,164.75,122.92,77.67,228.5,154.92,41.28,175.83,226.67,206.44,140.5,41.5,97.44,53.17,37.5,115.83,140.33,152.5,80.25,224.67,97.5,151.83,110.33,117.58
125.67,237.15,197,476.83,154.17,68.33,309.56,147.75,92.2,159.96,105.83,146.96,336.6,515.67,207.8,82.33,148.58,205.67,106.33,357.33,147.67,207.77,80.17,219.67,140.15,118.22,373.78,75.67,124.33,594.67,243.42,265.56,122.33,100.67,96.56,139.67,249.5,78.5,34.5,313.17,169.92,78.17,156.62,144,39.33,129,196.29,139.8,41,150,140.83,284,330.17,32.67,65.67,193.67,273,384,384,250.83,120,91.5,138.5,100.56,44.27,37.67,234,205.56,1330.14,267.67,44.33,40.33,128.33,139.33,85,111.67,100.67,80.33,269,185.17,37,150,443.67,131,120.5,39.33,79.67,55.33,38.33,149.33,137.67,114.33,85.5,276.22,77.67,119.33,89.67,70
122.83,706.74,156.83,315.33,138.67,53.67,378.33,334.58,88.4,161.74,104.25,144.96,303.89,334.78,436.73,91.47,127.7,157.33,144.33,283.44,127.17,219.55,104.17,233.67,147.88,122.89,659.11,71,145.08,248.33,193.67,638.33,178.22,66.67,131.89,126.33,222.67,92.83,34.83,314.83,145,93.83,138,149,39.33,146.67,257.21,146.87,76.07,139.42,156.83,736,303.17,29,87.67,193.83,503,307,270,444.5,100.83,93.83,137.17,81,41.27,34,666.17,204.39,267.67,1623.08,38.67,40,285.33,156.33,89,156.83,122.33,75,500.67,148,39.11,197.33,228.33,142.67,126.33,33.33,103.44,59.67,34.33,106.67,101.33,103.33,64.67,839.67,49,135,94.67,57.33
46,40.78,36,39.75,37.5,38,40,44,44.4,42.74,44.25,46.5,41.2,38,67.8,39.4,38,42.5,42,45,45,55.45,40,44,39.91,43.33,39.67,36,40.25,41,44,44.33,39.83,46.5,43.67,40.4,42.5,49.5,40,41.5,51.25,39,49.71,40.5,51,51.5,44.88,41.4,36,46,37.5,43.5,38.5,42,39,53,45.5,43,37,40.33,45,44,44,41,49.2,44,43,48.17,44.33,38.67,2173.36,137,43,48.5,37,41.5,44.5,51,35,48,40.67,39.5,40,48,36.5,44,42,48,42,46,51,43,57.5,36.67,45,39,43,82.5
45,39.78,41.5,38.75,38,44.5,37,42,47,42.16,42.25,44.62,43.47,36.33,51.4,41.8,41.18,44.5,36,41.33,48,51.05,39,42,40.82,40.33,40.67,38,40.5,43,39.5,38.33,41.33,40,42.67,43.8,39.5,53.5,38,46.25,52.25,40.5,43.14,47,40,47.5,44.5,41.8,42.8,48,42.5,42,37.5,35,40,45.5,46.5,40,48,46.33,44,41.5,52,39.33,49.2,40,49.5,49.17,40.33,40,137,5315.07,40,44.5,41,35,40,42,44,47,45.67,43.5,48,48,34,39,37.33,41,37,43,45,35,66,38.33,35,39,37,59.5
